1;password;5f4dcc3b5aa765d61d8327deb882cf99;8;8;0;0;
2;123456;e10adc3949ba59abbe56e057f20f883e;6;0;0;6;
3;12345678;25d55ad283aa400af464c76d713c07ad;8;0;0;8;
4;1234;81dc9bdb52d04dc20036dbd8313ed055;4;0;0;4;
5;qwerty;d8578edf8458ce06fbc5bb76a58c5ca4;6;6;0;0;
6;12345;827ccb0eea8a706c4c34a16891f84e7b;5;0;0;5;
7;dragon;8621ffdbc5698829397d97767ac13db3;6;6;0;0;
8;pussy;acc6f2779b808637d04c71e3d8360eeb;5;5;0;0;
9;baseball;276f8db0b86edaa7fc805516c852c889;8;8;0;0;
10;football;37b4e2d82900d5e94b8da524fbeb33c0;8;8;0;0;
11;letmein;0d107d09f5bbe40cade3de5c71e9e9b7;7;7;0;0;
12;monkey;d0763edaa9d9bd2a9516280e9044d885;6;6;0;0;
13;696969;7d0710824ff191f6a0086a7e3891641e;6;0;0;6;
14;abc123;e99a18c428cb38d5f260853678922e03;6;3;0;3;
15;mustang;bee783ee2974595487357e195ef38ca2;7;7;0;0;
16;michael;0acf4539a14b3aa27deeb4cbdf6e989f;7;7;0;0;
17;shadow;3bf1114a986ba87ed28fc1b5884fc2f8;6;6;0;0;
18;master;eb0a191797624dd3a48fa681d3061212;6;6;0;0;
19;jennifer;1660fe5c81c4ce64a2611494c439e1ba;8;8;0;0;
20;111111;96e79218965eb72c92a549dd5a330112;6;0;0;6;
21;2000;08f90c1a417155361a5c4b8d297e0d78;4;0;0;4;
22;jordan;d16d377af76c99d27093abc22244b342;6;6;0;0;
23;superman;84d961568a65073a3bcf0eb216b2a576;8;8;0;0;
24;harley;ef4cdd3117793b9fd593d7488409626d;6;6;0;0;
25;1234567;fcea920f7412b5da7be0cf42b8c93759;7;0;0;7;
26;fuckme;79cfdd0e92b120faadd7eb253eb800d0;6;6;0;0;
27;hunter;6b1b36cbb04b41490bfc0ab2bfa26f86;6;6;0;0;
28;fuckyou;596a96cc7bf9108cd896f33c44aedc8a;7;7;0;0;
29;trustno1;5fcfd41e547a12215b173ff47fdd3739;8;7;0;1;
30;ranger;ad92694923612da0600d7be498cc2e08;6;6;0;0;
31;buster;d9b23ebbf9b431d009a20df52e515db5;6;6;0;0;
32;thomas;ef6e65efc188e7dffd7335b646a85a21;6;6;0;0;
33;tigger;f78f2477e949bee2d12a2c540fb6084f;6;6;0;0;
34;robert;684c851af59965b680086b7b4896ff98;6;6;0;0;
35;soccer;da443a0ad979d5530df38ca1a74e4f80;6;6;0;0;
36;fuck;99754106633f94d350db34d548d6091a;4;4;0;0;
37;batman;ec0e2603172c73a8b644bb9456c1ff6e;6;6;0;0;
38;test;098f6bcd4621d373cade4e832627b4f6;4;4;0;0;
39;pass;1a1dc91c907325c69271ddf0c944bc72;4;4;0;0;
40;killer;b36d331451a61eb2d76860e00c347396;6;6;0;0;
41;hockey;df0349ce110b69f03b4def8012ae4970;6;6;0;0;
42;george;9b306ab04ef5e25f9fb89c998a6aedab;6;6;0;0;
43;charlie;bf779e0933a882808585d19455cd7937;7;7;0;0;
44;andrew;d914e3ecf6cc481114a3f534a5faf90b;6;6;0;0;
45;michelle;2345f10bb948c5665ef91f6773b3e455;8;8;0;0;
46;love;b5c0b187fe309af0f4d35982fd961d7e;4;4;0;0;
47;sunshine;0571749e2ac330a7455809c6b0e7af90;8;8;0;0;
48;jessica;aae039d6aa239cfc121357a825210fa3;7;7;0;0;
49;asshole;0b9a54438fba2dc0d39be8f7c6c71a58;7;7;0;0;
50;6969;7813d1590d28a7dd372ad54b5d29d033;4;0;0;4;
51;pepper;b3f952d5d9adea6f63bee9d4c6fceeaa;6;6;0;0;
52;daniel;aa47f8215c6f30a0dcdb2a36a9f4168e;6;6;0;0;
53;access;9df3b01c60df20d13843841ff0d4482c;6;6;0;0;
54;123456789;25f9e794323b453885f5181f1b624d0b;9;0;0;9;
55;654321;c33367701511b4f6020ec61ded352059;6;0;0;6;
56;joshua;d1133275ee2118be63a577af759fc052;6;6;0;0;
57;maggie;1d3d37667a8d7eb02054c6afdf9e2e1c;6;6;0;0;
58;starwars;5badcaf789d3d1d09794d8f021f40f0e;8;8;0;0;
59;silver;97f014516561ef487ec368d6158eb3f4;6;6;0;0;
60;william;fd820a2b4461bddd116c1518bc4b0f77;7;7;0;0;
61;dallas;09f8316e29649a7f795f414ba3860fc0;6;6;0;0;
62;yankees;1d10ca7f8fe2615bf72a249a7d34d6b9;7;7;0;0;
63;123123;4297f44b13955235245b2497399d7a93;6;0;0;6;
64;ashley;adff44c5102fca279fce7559abf66fee;6;6;0;0;
65;666666;f379eaf3c831b04de153469d1bec345e;6;0;0;6;
66;hello;5d41402abc4b2a76b9719d911017c592;5;5;0;0;
67;amanda;6209804952225ab3d14348307b5a4a27;6;6;0;0;
68;orange;fe01d67a002dfa0f3ac084298142eccd;6;6;0;0;
69;biteme;5ef64bad8f9d7e0c85f821580e4d6629;6;6;0;0;
70;freedom;d5aa1729c8c253e5d917a5264855eab8;7;7;0;0;
71;computer;df53ca268240ca76670c8566ee54568a;8;8;0;0;
72;sexy;348a448a51d1e0f0f5eee42337d12adc;4;4;0;0;
73;thunder;5c7686c0284e0875b26de99c1008e998;7;7;0;0;
74;nicole;fc63f87c08d505264caba37514cd0cfd;6;6;0;0;
75;ginger;6f4ec514eee84cc58c8e610a0c87d7a2;6;6;0;0;
76;heather;32d635528e3a388abb68b97a6eeedf35;7;7;0;0;
77;hammer;5f9901fc60b769b523d0dd8e79b3fe08;6;6;0;0;
78;summer;6b1628b016dff46e6fa35684be6acc96;6;6;0;0;
79;corvette;d1de459d7939792b14638cf06dcf2fca;8;8;0;0;
80;taylor;7d8bc5f1a8d3787d06ef11c97d4655df;6;6;0;0;
81;fucker;aac0a9daa4185875786c9ed154f0dece;6;6;0;0;
82;austin;229979fce5174c17d4645bf8752dae1e;6;6;0;0;
83;1111;b59c67bf196a4758191e42f76670ceba;4;0;0;4;
84;merlin;12b3638553c1f4a535a047e7003d9ac4;6;6;0;0;
85;matthew;e6a5ba0842a531163425d66839569a68;7;7;0;0;
86;121212;93279e3308bdbbeed946fc965017f67a;6;0;0;6;
87;golfer;d7bb20734ce5aa5d22c619eb9ba2e020;6;6;0;0;
88;cheese;fea0f1f6fede90bd0a925b4194deac11;6;6;0;0;
89;princess;8afa847f50a716e64932d995c8e7435a;8;8;0;0;
90;martin;925d7518fc597af0e43f5606f9a51512;6;6;0;0;
91;chelsea;91cb315a6405bfcc30e2c4571ccfb8ce;7;7;0;0;
92;patrick;6c84cbd30cf9350a990bad2bcc1bec5f;7;7;0;0;
93;richard;6ae199a93c381bf6d5de27491139d3f9;7;7;0;0;
94;diamond;75c6f03161d020201000414cd1501f9f;7;7;0;0;
95;yellow;d487dd0b55dfcacdd920ccbdaeafa351;6;6;0;0;
96;bigdog;1e0bb5b62610a9e76c3053bc2aceafd2;6;6;0;0;
97;secret;5ebe2294ecd0e0f08eab7690d2a6ee69;6;6;0;0;
98;asdfgh;a152e841783914146e4bcd4f39100686;6;6;0;0;
99;sparky;a269d17349ce29a77a89c7ec4ed0c3d4;6;6;0;0;
100;cowboy;609a5fb349c92aee01d41fae16d082cf;6;6;0;0;
101;camaro;7d0f0110abd8b026dd155f082a1c292c;6;6;0;0;
102;anthony;65fbef05e01fac390cb3fa073fb3e8cf;7;7;0;0;
103;matrix;21b72c0b7adc5c7b4a50ffcb90d92dd6;6;6;0;0;
104;falcon;fa0d1a60ef6616bb28038515c8ea4cb2;6;6;0;0;
105;iloveyou;f25a2fc72690b780b2a14e140ef6a9e0;8;8;0;0;
106;bailey;7d0df4f46505d83bc7949dd1fb9c0db8;6;6;0;0;
107;guitar;4c39e90d6a5c38a3f8a9b1f05840f240;6;6;0;0;
108;jackson;b41779690b83f182acc67d6388c7bac9;7;7;0;0;
109;purple;bb7aedfa61007447dd6efaf9f37641e3;6;6;0;0;
110;scooter;e8fbc1f03504ddffc52a9e6dab5e204d;7;7;0;0;
111;phoenix;b3d97746dbb45e92dc083db205e1fd14;7;7;0;0;
112;aaaaaa;0b4e7a0e5fe84ad35fb5f95b9ceeac79;6;6;0;0;
113;morgan;0dae4a923e4ae71d0a8960c6f89c3c18;6;6;0;0;
114;tigers;a90f4589534f75e93dbccd20329ed946;6;6;0;0;
115;porsche;d599eae7a636d54c1c707514b1a76d77;7;7;0;0;
116;mickey;4d5257e5acc7fcac2f5dcd66c4e78f9a;6;6;0;0;
117;maverick;55f9c405bd87ba23896f34011ffce8da;8;8;0;0;
118;cookie;2dccd1ab3e03990aea77359831c85ca2;6;6;0;0;
119;nascar;ba9e42353a9b49c10c44f4bc7aa6e867;6;6;0;0;
120;peanut;4652b19e09ced75df510bf5a263a2bfe;6;6;0;0;
121;justin;53dd9c6005f3cdfc5a69c5c07388016d;6;6;0;0;
122;131313;e04755387e5b5968ec213e41f70c1d46;6;0;0;6;
123;money;9726255eec083aa56dc0449a21b33190;5;5;0;0;
124;horny;a11c1e7006223a2a80bd295e96566d6e;5;5;0;0;
125;samantha;f01e0d7992a3b7748538d02291b0beae;8;8;0;0;
126;panties;51d5eb780accf3a9d62036fd840e04ac;7;7;0;0;
127;steelers;37430a92973d1adca9934f0a5ecc53d2;8;8;0;0;
128;joseph;cb07901c53218323c4ceacdea4b23c98;6;6;0;0;
129;snoopy;e9646d086a37906e5bec4323d3b37c9b;6;6;0;0;
130;boomer;f49a2d8a11396bdab11fc873893c8fd7;6;6;0;0;
131;whatever;008c5926ca861023c1d2a36653fd88e2;8;8;0;0;
132;iceman;0eb7e1f71974d5e5ae01a801d9395dfb;6;6;0;0;
133;smokey;82e4010701956651c3f653309879aec4;6;6;0;0;
134;gateway;3e21ab62fb17400301d9f0156b6c3031;7;7;0;0;
135;dakota;d3319241a1cc6afc192403fb279a8b7d;6;6;0;0;
136;cowboys;72a97fb793d496318518aebc7e9298b2;7;7;0;0;
137;eagles;58e50f904aab05ac687efc1635421d78;6;6;0;0;
138;chicken;742929dcb631403d7c1c1efad2ca2700;7;7;0;0;
139;dick;7f55a0ed8b021080de00960cc73768fb;4;4;0;0;
140;black;1ffd9e753c8054cc61456ac7fac1ac89;5;5;0;0;
141;zxcvbn;b427ebd39c845eb5417b7f7aaf1f9724;6;6;0;0;
142;please;6050ce63e4bce6764cb34cac51fb44d1;6;6;0;0;
143;andrea;1c42f9c1ca2f65441465b43cd9339d6c;6;6;0;0;
144;ferrari;0911054d8ad47cc256400031197f3e97;7;7;0;0;
145;knight;efead51028a03db2d63f0e79ba032a82;6;6;0;0;
146;hardcore;fe81a4f28e6bd176efc8184d58544e66;8;8;0;0;
147;melissa;ff5390bde5a4cf0aa2006cf2198efd29;7;7;0;0;
148;compaq;16ad5892d13a0b7c9220684e52a548b1;6;6;0;0;
149;coffee;24eb05d18318ac2db8b2b959315d10f2;6;6;0;0;
150;booboo;af089cedf4fb105aca50a170c2b545de;6;6;0;0;
151;bitch;316928e0d260556eaccb6627f2ed657b;5;5;0;0;
152;johnny;f4eb27cea7255cea4d1ffabf593372e8;6;6;0;0;
153;bulldog;7a52822de5c63fea4a791701bdd72734;7;7;0;0;
154;xxxxxx;dad3a37aa9d50688b5157698acfd7aee;6;6;0;0;
155;welcome;40be4e59b9a2a2b5dffb918c0e86b3d7;7;7;0;0;
156;james;b4cc344d25a2efe540adbf2678e2304c;5;5;0;0;
157;player;912af0dff974604f1321254ca8ff38b6;6;6;0;0;
158;ncc1701;dd8fcb2c31ee2c6ebbc63f8cf22e7c16;7;3;0;4;
159;wizard;d8d3a01ba7e5d44394b6f0a8533f4647;6;6;0;0;
160;scooby;b0fc08a18d29407428cbac5d2e5cc682;6;6;0;0;
161;charles;a5410ee37744c574ba5790034ea08f79;7;7;0;0;
162;junior;b03e3fd2b3d22ff6df2796c412b09311;6;6;0;0;
163;internet;c3581516868fb3b71746931cac66390e;8;8;0;0;
164;bigdick;d344c7e7f54ac73cf730fd91faf6391b;7;7;0;0;
165;mike;18126e7bd3f84b3f3e4df094def5b7de;4;4;0;0;
166;brandy;6c29e9cc4042d972b15ff0304e636886;6;6;0;0;
167;tennis;1fbfb23351e3580651395ab721f5e935;6;6;0;0;
168;blowjob;cf9a879316551295f08c3b7a94d45598;7;7;0;0;
169;banana;72b302bf297a228a75730123efef7c41;6;6;0;0;
170;monster;8bf4e6addd72a9c4c4714708d2941528;7;7;0;0;
171;spider;f1a81d782dea6a19bdca383bffe68452;6;6;0;0;
172;lakers;0ffb5cc0ee5648aa55290f0f89f5f8d8;6;6;0;0;
173;miller;f0af962ddbc82430e947390b2f3f6e49;6;6;0;0;
174;rabbit;a51e47f646375ab6bf5dd2c42d3e6181;6;6;0;0;
175;enter;e2a7106f1cc8bb1e1318df70aa0a3540;5;5;0;0;
176;mercedes;d9eaabe53adedb62bc74b7eb0a9477d4;8;8;0;0;
177;brandon;fc275ac3498d6ab0f0b4389f8e94422c;7;7;0;0;
178;steven;6ed61d4b80bb0f81937b32418e98adca;6;6;0;0;
179;fender;a0e389e0481767f97b64d291cea75bc6;6;6;0;0;
180;john;527bd5b5d689e2c32ae974c6229ff785;4;4;0;0;
181;yamaha;501a60a2b28ba8e6a95ce30c11877fda;6;6;0;0;
182;diablo;faf2ca38c02c5f2ba1c49d200a03f9fb;6;6;0;0;
183;chris;6b34fe24ac2ff8103f6fce1f0da2ef57;5;5;0;0;
184;boston;6aecdfe8b004d1e8cb1e42c4414687a9;6;6;0;0;
185;tiger;43b90920409618f188bfc6923f16b9fa;5;5;0;0;
186;marine;b329f324cc17d6221a385ea1afb3a289;6;6;0;0;
187;chicago;10189466c646898c1fcf2363b5cf038d;7;7;0;0;
188;rangers;f306109e6f069bca5191deb9b03359e2;7;7;0;0;
189;gandalf;ab17850978e36aaf6a2b8808f1ded971;7;7;0;0;
190;winter;f6432274349b5cb93433f8ed886a3f37;6;6;0;0;
191;bigtits;05757eea99064221c901b94c682e9a83;7;7;0;0;
192;barney;73d94ca09de7d23b853273b035cbc752;6;6;0;0;
193;edward;a53f3929621dba1306f8a61588f52f55;6;6;0;0;
194;raiders;7698cf26bd6b7ee9081db738d960ce46;7;7;0;0;
195;porn;89e55d4f580dd044088b9a003110b37a;4;4;0;0;
196;badboy;ab003765f3424bf8e2c8d1d69762d72c;6;6;0;0;
197;blowme;8b96753b29612d8c98d6b696140b5d9f;6;6;0;0;
198;spanky;ce154b5a8e59c89732bc25d6a2e6b90b;6;6;0;0;
199;bigdaddy;ab64f71b84891bc31fe85512d35716a8;8;8;0;0;
200;johnson;79ab945544e5bc017a2317b6146ed3aa;7;7;0;0;
201;chester;365816905f5e9c148e20273719fe163d;7;7;0;0;
202;london;bc180dbc583491c00f8a1cd134f7517b;6;6;0;0;
203;midnight;1506aeeb8c3a699b1e3c87db03156428;8;8;0;0;
204;blue;48d6215903dff56238e52e8891380c8f;4;4;0;0;
205;fishing;819a07afa4abc8660ec9042038a8c597;7;7;0;0;
206;000000;670b14728ad9902aecba32e22fa4f6bd;6;0;0;6;
207;hannah;eb09d5e396183f4b71c3c798158f7c07;6;6;0;0;
208;slayer;0925467e1cc53074a440dae7ae67e3e9;6;6;0;0;
209;11111111;1bbd886460827015e5d605ed44252251;8;0;0;8;
210;rachel;8e73b27568cb3be29e2da74d42eab6dd;6;6;0;0;
211;sexsex;a4826dcd193b4161365d7457e67da538;6;6;0;0;
212;redsox;f4e427ce0d56003582e9a0df91cf9fb1;6;6;0;0;
213;thx1138;4f3b19063fb8bfe28f687196dcdcb3ae;7;3;0;4;
214;asdf;912ec803b2ce49e4a541068d495ab570;4;4;0;0;
215;marlboro;852b31a3c28bd0120c49af987b070519;8;8;0;0;
216;panther;b0d86da2d5b3aa15b61df214489f7c12;7;7;0;0;
217;zxcvbnm;02c75fb22c75b23dc963c7eb91a062cc;7;7;0;0;
218;arsenal;1c5442c0461e5186126aaba26edd6857;7;7;0;0;
219;oliver;acae273a5a5c88b46b36d65a25f5f435;6;6;0;0;
220;qazwsx;76419c58730d9f35de7ac538c2fd6737;6;6;0;0;
221;mother;6ee6a213cb02554a63b1867143572e70;6;6;0;0;
222;victoria;e0e34c5ad05aac3eef6ab31eacbf7a5c;8;8;0;0;
223;7777777;dc0fa7df3d07904a09288bd2d2bb5f40;7;0;0;7;
224;jasper;02b0732024cad6ad3dc2989bc82a1ef5;6;6;0;0;
225;angel;f4f068e71e0d87bf0ad51e6214ab84e9;5;5;0;0;
226;david;172522ec1028ab781d9dfd17eaca4427;5;5;0;0;
227;winner;978f6f608df5279d4d85e700d83ac873;6;6;0;0;
228;crystal;cc989606b586f33918fe0552dec367c8;7;7;0;0;
229;golden;c773fdef3889bdadbe809f1e8aaeea46;6;6;0;0;
230;butthead;a7d7175d98ae9d40d101118a8237a82e;8;8;0;0;
231;viking;a4dede7fccd54a3e8a56ad51ac64e94f;6;6;0;0;
232;jack;4ff9fc6e4e5d5f590c4f2134a8cc96d1;4;4;0;0;
233;iwantu;f2053721db57ada9f51f4627b7b4c7c2;6;6;0;0;
234;shannon;9d2f75377ac0ab991d40c91fd27e52fd;7;7;0;0;
235;murphy;25ee0c0c5392c0faf8d475917da10ba4;6;6;0;0;
236;angels;82a7c395a86348dd4bfd11bb05b71cbf;6;6;0;0;
237;prince;2077e4a6bafa9b4e7b55e1fff16818af;6;6;0;0;
238;cameron;bb36feaac46d7aaab418138b578fd7e0;7;7;0;0;
239;girls;53802ed7572d3cad78c662cf72e80516;5;5;0;0;
240;madison;b3b7eca0709c3c25e677677937e8f609;7;7;0;0;
241;wilson;abd7372bba55577590736ef6cb3533c6;6;6;0;0;
242;carlos;dc599a9972fde3045dab59dbd1ae170b;6;6;0;0;
243;hooters;109461c56973d3e435e5476731734b87;7;7;0;0;
244;willie;4964f8738e5935cd636e09f0ea5dc123;6;6;0;0;
245;startrek;29f491121c63af2a883378c50e1f8d9f;8;8;0;0;
246;captain;ab334feeb31c05124cb73fa12571c2f6;7;7;0;0;
247;maddog;84066e5d4f7e03c56da3c36d29ebbb09;6;6;0;0;
248;jasmine;f21c0d3e564c7db5ccf73c095a0b9371;7;7;0;0;
249;butter;d74fdde2944f475adc4a85e349d4ee7b;6;6;0;0;
250;booger;d615e0078551be8111ad222380b2cdbc;6;6;0;0;
251;angela;36388794be2cf5f298978498ff3c64a2;6;6;0;0;
252;golf;c6cf642b8f1cac1101e23a06aa63600e;4;4;0;0;
253;lauren;2760c7b84d4bad6b0b12d7c1a6c5e1a4;6;6;0;0;
254;rocket;fdfedc01c66e9ea2817508ca1097df2f;6;6;0;0;
255;tiffany;210dc1fd8cb4e4e43cb4961b28fac275;7;7;0;0;
256;theman;73005d28babc7a958a1362a2201686de;6;6;0;0;
257;dennis;7daacea5f373b4c1c054158b126d317f;6;6;0;0;
258;liverpoo;59caf5dfc83ed29a3c6e29384d1cb943;8;8;0;0;
259;flower;608f0b988db4a96066af7dd8870de96c;6;6;0;0;
260;forever;d7af994f1f1ef8b5e3beb9f7fb139f57;7;7;0;0;
261;green;9f27410725ab8cc8854a2769c7a516b8;5;5;0;0;
262;jackie;81a57538bea3f6e953f6a459eb767357;6;6;0;0;
263;muffin;9944fe83a25e72559c62d612485de579;6;6;0;0;
264;turtle;d4705b9f42c96eeb0b9fb53266013516;6;6;0;0;
265;sophie;6988ec3aba1eaddf2435141bf10487ca;6;6;0;0;
266;danielle;d05a90b8f6326735fd07fcfc7b92e47a;8;8;0;0;
267;redskins;cd7b9b9b72636b59d09f6467e985e52d;8;8;0;0;
268;toyota;5166fd3fee463b7c9992293e84f098f0;6;6;0;0;
269;jason;2b877b4b825b48a9a0950dd5bd1f264d;5;5;0;0;
270;sierra;a008a5e02ec40d9facee2ea028073662;6;6;0;0;
271;winston;a699e3972ea10df913d9e8d9993e5426;7;7;0;0;
272;debbie;60e8c535fa34ce89e1b06c43695c0191;6;6;0;0;
273;giants;27b14dd9340c5ea9067880cc25101f65;6;6;0;0;
274;packers;8ecc2018b9bc8be1f7125d7e39d543fd;7;7;0;0;
275;newyork;369389d19e24204b4927e30dd7c39efc;7;7;0;0;
276;jeremy;6967cabefd763ac1a1a88e11159957db;6;6;0;0;
277;casper;58b3994b2fc2536ee6d208039d3f8849;6;6;0;0;
278;bubba;d00217fa64598f3a33f6fef8d6a48a31;5;5;0;0;
279;112233;d0970714757783e6cf17b26fb8e2298f;6;0;0;6;
280;sandra;f40a37048732da05928c3d374549c832;6;6;0;0;
281;lovers;8dae58e3f282b974328d53f96753f4c1;6;6;0;0;
282;mountain;ec6d9c8953ab272295ec0469bbed59ab;8;8;0;0;
283;united;3db1a73a245aa55c61204c56c8d99f6d;6;6;0;0;
284;cooper;cd21b93cfd8d6824dc2bce1a19decaf7;6;6;0;0;
285;driver;e2d45d57c7e2941b65c6ccd64af4223e;6;6;0;0;
286;tucker;6243e1116e9de008e4dcf0aa2700ca89;6;6;0;0;
287;helpme;2fbd38e6c6c4a64ef43fac3f0be7860e;6;6;0;0;
288;fucking;8561b0da13f41d736812e2f12b078a40;7;7;0;0;
289;pookie;2fbbe62353fe90ec503a402686c9809f;6;6;0;0;
290;lucky;339a65e93299ad8d72c42b263aa23117;5;5;0;0;
291;maxwell;8601f6e1028a8e8a966f6c33fcd9aec4;7;7;0;0;
292;8675309;6cc0d36686e6a433aa76f96773852d35;7;0;0;7;
293;bear;893b56e3cfe153fb770a120b83bac20c;4;4;0;0;
294;suckit;61b52106cccc0ec9c8c1681a8db0fbb8;6;6;0;0;
295;gators;b89f5b98822f749b260b01a77ac23c62;6;6;0;0;
296;5150;26c0a195973b46ba52a013c89dd82315;4;0;0;4;
297;222222;e3ceb5881a0a1fdaad01296d7554868d;6;0;0;6;
298;shithead;ecb27bf66c32a67151e16bf55bcace25;8;8;0;0;
299;fuckoff;2aee1c40199c7754da766e61452612cc;7;7;0;0;
300;jaguar;b94705c817b09f287e31606604e526ba;6;6;0;0;
301;monica;ff0d813dd5d2f64dd372c6c4b6aed086;6;6;0;0;
302;fred;570a90bfbf8c7eab5dc5d4e26832d5b1;4;4;0;0;
303;happy;56ab24c15b72a457069c5ea42fcfc640;5;5;0;0;
304;hotdog;9d1ce632ce21568d9dd2e41f5aa7a149;6;6;0;0;
305;tits;46d0cb1bff872c6b47284a3de08cf04f;4;4;0;0;
306;gemini;48bafc503cbdbf5e49ca9725f980e241;6;6;0;0;
307;lover;58f3907ef81dee7443834b0f76d247e5;5;5;0;0;
308;xxxxxxxx;0b0cfc07fca81c956ab9181d8576f4a8;8;8;0;0;
309;777777;f63f4fbc9f8c85d409f2f59f2b9e12d5;6;0;0;6;
310;canada;c2aadac2ca30ca8aadfbe331ae180d28;6;6;0;0;
311;nathan;1404834e52a4c6cac9444f1fb3c62d3c;6;6;0;0;
312;victor;ffc150a160d37e92012c196b6af4160d;6;6;0;0;
313;florida;24408ce3f09b31f9d3454ee6ea81bb63;7;7;0;0;
314;88888888;8ddcff3a80f4189ca1c9d4d902c3c909;8;0;0;8;
315;nicholas;532ab4d2bbcc461398d494905db10c95;8;8;0;0;
316;rosebud;09bb63bf7635f9cfd50f022e7a3b0dba;7;7;0;0;
317;metallic;adb5be48b75d48a7e3e8abb656fb1d8b;8;8;0;0;
318;doctor;f9f16d97c90d8c6f2cab37bb6d1f1992;6;6;0;0;
319;trouble;6cee2033f74468edae63e3142e3ed403;7;7;0;0;
320;success;260ca9dd8a4577fc00b7bd5810298076;7;7;0;0;
321;stupid;fc0586aca6e42cffade83252446d0613;6;6;0;0;
322;tomcat;1b359d8753858b55befa0441067aaed3;6;6;0;0;
323;warrior;3e3806659785b5be6b7a3209212e9f3e;7;7;0;0;
324;peaches;95cd3fc01819b69d1a4900e6fe3d293c;7;7;0;0;
325;apples;daeccf0ad3c1fc8c8015205c332f5b42;6;6;0;0;
326;fish;83e4a96aed96436c621b9809e258b309;4;4;0;0;
327;qwertyui;22d7fe8c185003c98f97e5d6ced420c7;8;8;0;0;
328;magic;2f3a4fccca6406e35bcf33e92dd93135;5;5;0;0;
329;buddy;e338bc584bd1c7f87b8a5bf70a3cf80e;5;5;0;0;
330;dolphins;01b3f378798d72bf73c8050d76707e0a;8;8;0;0;
331;rainbow;cd13b6a6af66fb774faa589a9d18f906;7;7;0;0;
332;gunner;a49270af45d9c922c8531f68cf29bd88;6;6;0;0;
333;987654;6c44e5cd17f0019c64b042e4a745412a;6;0;0;6;
334;freddy;eda56def9e82a3936a75aff3f4e66330;6;6;0;0;
335;alexis;059bf68f71c80fce55214b411dd2280c;6;6;0;0;
336;braves;7b560698f150f14ce713c7f84b12abe8;6;6;0;0;
337;cock;9268d0b2d17670598c70045b0c7abf38;4;4;0;0;
338;2112;a29d1598024f9e87beab4b98411d48ce;4;0;0;4;
339;1212;a01610228fe998f515a72dd730294d87;4;0;0;4;
340;cocacola;6253e1406b64bbe6ba7b00ac0bf81257;8;8;0;0;
341;xavier;0f5366b3b19afc3184d23bc73d8cd311;6;6;0;0;
342;dolphin;36cdf8b887a5cffc78dcd5c08991b993;7;7;0;0;
343;testing;ae2b1fca515949e5d54fb22b8ed95575;7;7;0;0;
344;bond007;cbdb7e2b1ed566ceb796af2df07205a3;7;4;0;3;
345;member;aa08769cdcb26674c6706093503ff0a3;6;6;0;0;
346;calvin;e6e66b8981c1030d5650da159e79539a;6;6;0;0;
347;voodoo;b4aa2b48dbea8988e09addd46b4cbf38;6;6;0;0;
348;7777;d79c8788088c2193f0244d8f1f36d2db;4;0;0;4;
349;samson;2242a97ea96f6a6d4c7d67c4ff194fd0;6;6;0;0;
350;alex;534b44a19bf18d20b71ecc4eb77c572f;4;4;0;0;
351;apollo;31f2385ba9cc65dba7ccb9aa5c5b7600;6;6;0;0;
352;fire;015f28b9df1bdd36427dd976fb73b29d;4;4;0;0;
353;tester;f5d1278e8109edd94e1e4197e04873b9;6;6;0;0;
354;walter;841d93525b9f0960ceaf38f4fdf22e2e;6;6;0;0;
355;beavis;7f8475ca28c870f5a4a47b4ce115fc6f;6;6;0;0;
356;voyager;f445e82d941e2f60985e61e63afd453c;7;7;0;0;
357;peter;51dc30ddc473d43a6011e9ebba6ca770;5;5;0;0;
358;porno;52fb9dccfeae3a4f88b5f9399de183e6;5;5;0;0;
359;bonnie;eb5ba7c977d21014520ad3ee0432d10f;6;6;0;0;
360;rush2112;f71f21a84e7fec0da740b689c7b0bb8e;8;4;0;4;
361;beer;3e1867f5aee83045775fbe355e6a3ce1;4;4;0;0;
362;apple;1f3870be274f6c49b3e31a0c6728957f;5;5;0;0;
363;scorpio;72dabe497516c268bc78ed8a0f3c2a73;7;7;0;0;
364;jonathan;78842815248300fa6ae79f7776a5080a;8;8;0;0;
365;skippy;3f37328777b1ee3c6504d53acca076d0;6;6;0;0;
366;sydney;a8113a9b4f61b178cd1fea4efa5bf4c8;6;6;0;0;
367;scott;21f63c6e971cd913a9c147e8652ca659;5;5;0;0;
368;red123;3c86ddb270471569a6b02000d54b570c;6;3;0;3;
369;power;62cd275989e78ee56a81f0265a87562e;5;5;0;0;
370;gordon;8fb744b51a1f14e5e8cda4e4aec68e2f;6;6;0;0;
371;travis;7985139ae9b6efb45373e3e36e444224;6;6;0;0;
372;beaver;3eba9a0d2274b11693fd821353a6149f;6;6;0;0;
373;star;8ff953dd97c4405234a04291dee39e0b;4;4;0;0;
374;jackass;c25a68128b55eab863ac1bfcfbb4c80a;7;7;0;0;
375;flyers;c427b395ea2bab03cbd4a82d153ed778;6;6;0;0;
376;boobs;d091fccc62e2d24ab101dbe01ce844f6;5;5;0;0;
377;232323;2467d3744600858cc9026d5ac6005305;6;0;0;6;
378;zzzzzz;453e41d218e071ccfb2d1c99ce23906a;6;6;0;0;
379;steve;d69403e2673e611d4cbd3fad6fd1788e;5;5;0;0;
380;rebecca;e358bf645a205cf15efa983b5517d945;7;7;0;0;
381;scorpion;3f8da8d150df71f64db5f8e96438c567;8;8;0;0;
382;doggie;79c075880be456508e77569d90bf0806;6;6;0;0;
383;legend;3d4dcd6fc8845fa8dfc04c3ea01eb0fb;6;6;0;0;
384;ou812;fce1c2458cf1a462a7334fed3b8722b1;5;2;0;3;
385;yankee;8ce18893d7762bff7bff7f487716030a;6;6;0;0;
386;blazer;e62e3ce65b4bd91d57353fa9473696e2;6;6;0;0;
387;bill;e8375d7cd983efcbf956da5937050ffc;4;4;0;0;
388;runner;4bad0b8dd3074cd43f641c2ac22a3571;6;6;0;0;
389;birdie;27af47146211625b7e7f2e8921082f42;6;6;0;0;
390;bitches;bbf4cf5c9c38f3b3c0ff13f0216cd275;7;7;0;0;
391;555555;5b1b68a9abf4d2cd155c81a9225fd158;6;0;0;6;
392;parker;d0204ad84e19075f95a176b65152ffde;6;6;0;0;
393;topgun;46a46b0a267201c0c742cee54685d62c;6;6;0;0;
394;asdfasdf;6a204bd89f3c8348afd5c77c717a097a;8;8;0;0;
395;heaven;eb31870669f13fd8444c2bc918375f09;6;6;0;0;
396;viper;801fe6c28526e72589981c923d518232;5;5;0;0;
397;animal;1e4483e833025ac10e6184e75cb2d19d;6;6;0;0;
398;2222;934b535800b1cba8f96a5d72f72f1611;4;0;0;4;
399;bigboy;dbcb4e8df8d344dcf645a752191974b3;6;6;0;0;
400;4444;dbc4d84bfcfe2284ba11beffb853a8c4;4;0;0;4;
401;arthur;68830aef4dbfad181162f9251a1da51b;6;6;0;0;
402;baby;6848d756da66e55b42f79c0728e351ad;4;4;0;0;
403;private;2c17c6393771ee3048ae34d6b380c5ec;7;7;0;0;
404;godzilla;7cb825305140bd57e6475ac54711c4f0;8;8;0;0;
405;donald;0d343c0f0ca763f983c8042350059f56;6;6;0;0;
406;williams;44e7cdc8f1386a1820b02f504f38317d;8;8;0;0;
407;lifehack;5009b8b68a6c9a8dfbfc15c60fc5d764;8;8;0;0;
408;phantom;0f06d368868f3b63b99c6bbbb6b52628;7;7;0;0;
409;dave;1610838743cc90e3e4fdda748282d9b8;4;4;0;0;
410;rock;9a1f30943126974075dbd4d13c8018ac;4;4;0;0;
411;august;61a590f1b9b5548efbae70fd7bcf45b3;6;6;0;0;
412;sammy;4385695633f8c6c8ab52592092cecf04;5;5;0;0;
413;cool;b1f4f9a523e36fd969f4573e25af4540;4;4;0;0;
414;brian;cbd44f8b5b48a51f7dab98abcdf45d4e;5;5;0;0;
415;platinum;cc85b384447d9c8ffefbd5472acfc795;8;8;0;0;
416;jake;1200cf8ad328a60559cf5e7c5f46ee6d;4;4;0;0;
417;bronco;a33770518a3a7fc256da047d268e3aec;6;6;0;0;
418;paul;6c63212ab48e8401eaf6b59b95d816a9;4;4;0;0;
419;mark;ea82410c7a9991816b5eeeebe195e20a;4;4;0;0;
420;frank;26253c50741faa9c2e2b836773c69fe6;5;5;0;0;
421;heka6w2;ef8ff4604df0f590bcbabad9c8c28fa5;7;5;0;2;
422;copper;e7e94d9ef1edaf2c6c55e9966b551295;6;6;0;0;
423;billy;89c246298be2b6113fb10ba80f3c6956;5;5;0;0;
424;cumshot;1dea8427d5f6f77f13a6b4019b8ae6c1;7;7;0;0;
425;garfield;97c2bd1615963162bd4e0caca037ba9e;8;8;0;0;
426;willow;592cec0a3fc4d8cf9b6e57a09bff554b;6;6;0;0;
427;cunt;b52b073595ccb35eaebb87178227b779;4;4;0;0;
428;little;aae6635e044ac56046b2893a529b5114;6;6;0;0;
429;carter;a886f2ee22888badbce90eac740c49be;6;6;0;0;
430;slut;fe325cf304ee9155d513be1044bf064b;4;4;0;0;
431;albert;6c5bc43b443975b806740d8e41146479;6;6;0;0;
432;69696969;5cdb6cb3040178bb57389319b83fe53e;8;0;0;8;
433;kitten;6da89cd09ab7937478a1d47d20938536;6;6;0;0;
434;super;1b3231655cebb7a1f783eddf27d254ca;5;5;0;0;
435;jordan23;1c885e23b850f482244d2d726dccdf19;8;6;0;2;
436;eagle1;c2509a04559b9ed9e0217d5a0f52f843;6;5;0;1;
437;shelby;25e884082d818b76b462409f19f7795f;6;6;0;0;
438;america;f938c93da3eeabf30a6679828dede59c;7;7;0;0;
439;11111;b0baee9d279d34fa1dfd71aadb908c3f;5;0;0;5;
440;jessie;056f2914fd9a607d48f5491a53b4deb5;6;6;0;0;
441;house;2ca63cddd54f9490efad22421891a9d1;5;5;0;0;
442;free;aa2d6e4f578eb0cfaba23beef76c2194;4;4;0;0;
443;123321;c8837b23ff8aaa8a2dde915473ce0991;6;0;0;6;
444;chevy;f88c42b53d3b7bbce98d377459ed15ee;5;5;0;0;
445;bullshit;d2aefeac9dc661bc98eebd6cc12f0b82;8;8;0;0;
446;white;d508fe45cecaf653904a0e774084bb5c;5;5;0;0;
447;broncos;a6aa06bbbb164fab7956539ec510dea0;7;7;0;0;
448;horney;356f2aadcb060564566becd8e064b2fa;6;6;0;0;
449;surfer;c207dcdb5e554ba3a043077fbe6f8dc4;6;6;0;0;
450;nissan;8928603cd5f39e8583cf8becbc180bd2;6;6;0;0;
451;999999;52c69e3a57331081823331c4e69d3f2e;6;0;0;6;
452;saturn;d027eb0ee23c9fcaa2b9ce4f221c5a77;6;6;0;0;
453;airborne;25f11703ab01db6964eabd0c6eca2f81;8;8;0;0;
454;elephant;e4b48fd541b3dcb99cababc87c2ee88f;8;8;0;0;
455;marvin;dba0079f1cb3a3b56e102dd5e04fa2af;6;6;0;0;
456;shit;1223b8c30a347321299611f873b449ad;4;4;0;0;
457;action;418c5509e2171d55b0aee5c2ea4442b5;6;6;0;0;
458;adidas;28a34010e84b881fb087359c7e280a08;6;6;0;0;
459;qwert;a384b6463fc216a5f8ecb6670f86456a;5;5;0;0;
460;kevin;9d5e3ecdeb4cdb7acfd63075ae046672;5;5;0;0;
461;1313;f09696910bdd874a99cd74c8f05b5c44;4;0;0;4;
462;explorer;09e592c4a21a21b39f22aa7d7170f162;8;8;0;0;
463;walker;1c3a0b25c3d1c909e2bcb9fe44c2f904;6;6;0;0;
464;police;814989b983fd853fb374e1676a06ade4;6;6;0;0;
465;christin;c6596067d3dec18a06520f44a94926be;8;8;0;0;
466;december;f962bed5616612c8c7053f6e97e72b12;8;8;0;0;
467;benjamin;5d9f71b71b207b9e665820c0dce67bdb;8;8;0;0;
468;wolf;bf4397d8b4dc061e1b6d191a352e9134;4;4;0;0;
469;sweet;e549a200372db9f3fcfac9f384e4ac2d;5;5;0;0;
470;therock;689dfb28ace7147809d052316379a599;7;7;0;0;
471;king;b2086154f101464aab3328ba7e060deb;4;4;0;0;
472;online;7f46165474d11ee5836777d85df2cdab;6;6;0;0;
473;dickhead;e62a73b624eabdc6b7be5aa724b48400;8;8;0;0;
474;brooklyn;766f0081408dd1691fc99860d9922c1b;8;8;0;0;
475;teresa;5f0cbc3f99acb914d429cfdf23dd75e3;6;6;0;0;
476;cricket;247184f5fcf8c0afea1291676dc6df8f;7;7;0;0;
477;sharon;215a6517848319b70f3f450da480d888;6;6;0;0;
478;dexter;a125a6b2a71e23adc002ac7fbe1a1042;6;6;0;0;
479;racing;6210325f74de822244cb118f84aea1da;6;6;0;0;
480;penis;c02b7d24a066adb747fdeb12deb21bfa;5;5;0;0;
481;gregory;e73d1f05badaf94997bb3e886144f5f9;7;7;0;0;
482;0000;4a7d1ed414474e4033ac29ccb8653d9b;4;0;0;4;
483;teens;68b58101abda8f8edd99f3b4e308f835;5;5;0;0;
484;redwings;60ccc193cb458437b29698fad4ba2e23;8;8;0;0;
485;dreams;0d78658b259edcf59d78044457275aa4;6;6;0;0;
486;michigan;5ada5946feba299ba4020a0410c93f3c;8;8;0;0;
487;hentai;c2fc2f64438b1eb36b7e244bdb7bd535;6;6;0;0;
488;magnum;368dc60082c8b47e697826b282b94e3d;6;6;0;0;
489;87654321;5e8667a439c68f5145dd2fcbecf02209;8;0;0;8;
490;nothing;3e47b75000b0924b6c9ba5759a7cf15d;7;7;0;0;
491;donkey;9443b0fceb8c03b6a514a706ea69df0b;6;6;0;0;
492;trinity;ee2055701c742262f93d083f854350b9;7;7;0;0;
493;digital;e0e1d64fdac4188f087c4d44060de65e;7;7;0;0;
494;333333;1a100d2c0dab19c4430e7d73762b3423;6;0;0;6;
495;stella;430244540aa38ff181545cb0d539f038;6;6;0;0;
496;cartman;74d186de7fa2f444067e76e7abab1a02;7;7;0;0;
497;guinness;ef6997fdb1551f51e878dad8c3b68cb6;8;8;0;0;
498;123abc;a906449d5769fa7361d7ecc6aa3f6d28;6;3;0;3;
499;speedy;d73138bef5a01d820e3511ab83562863;6;6;0;0;
500;buffalo;bcb2750ff6f20411b7e305760985726d;7;7;0;0;
501;kitty;cd880b726e0a0dbd4237f10d15da46f4;5;5;0;0;
502;pimpin;b9a982bcc46e98b3aa86e7bc526b869f;6;6;0;0;
503;eagle;b09315ea09c6d3b5680094257f1f70e4;5;5;0;0;
504;einstein;37a08ed30093a133b1bb4ae0b8f3601f;8;8;0;0;
505;kelly;ae074a5692dfb7c26aae5147e52ceb40;5;5;0;0;
506;nelson;a4e360681676c770121e891f8c407572;6;6;0;0;
507;nirvana;7242d6c91121f8e2e87803855c028e55;7;7;0;0;
508;vampire;1c020611e3b753925ffc8af8745c0556;7;7;0;0;
509;xxxx;ea416ed0759d46a8de58f63a59077499;4;4;0;0;
510;playboy;cfe819bed5b34b02ccb68ab69ab2055b;7;7;0;0;
511;louise;6228bd57c9a858eb305e0fd0694890f7;6;6;0;0;
512;pumpkin;edf8377563f7fa2897df6aa434ad305e;7;7;0;0;
513;snowball;3b9787927ecbf1b5a270ce1ff8566872;8;8;0;0;
514;test123;cc03e747a6afbbcbf8be7668acfebee5;7;4;0;3;
515;girl;28ca53d2b7bb4aa13549b4022c79dca1;4;4;0;0;
516;sucker;a62d59d9f7a0794eb9caa26b6c1ceb95;6;6;0;0;
517;mexico;4edfc924721abb774d5447bade86ea5d;6;6;0;0;
518;beatles;2a9ea35253dbec60e76166ec8420fbda;7;7;0;0;
519;fantasy;7a1c07ff60f9c07ffe8da34ecbf4edc2;7;7;0;0;
520;ford;80ca06abfa1a5104af9a770f485dad07;4;4;0;0;
521;gibson;96401f1b20c5ab70e7ee7c3a8756329f;6;6;0;0;
522;celtic;1d01384154bc50ecef7edf07a2bec214;6;6;0;0;
523;marcus;49c167d7cd66dc64a474c261860ba50f;6;6;0;0;
524;cherry;c7a4476fc64b75ead800da9ea2b7d072;6;6;0;0;
525;cassie;2399e46aa831d42539b97c97c27f4648;6;6;0;0;
526;888888;21218cca77804d2ba1922c33e0151105;6;0;0;6;
527;natasha;6275e26419211d1f526e674d97110e15;7;7;0;0;
528;sniper;1c27680133b781cadd037e8a6dcc001b;6;6;0;0;
529;chance;1ea287f2ecbfd355c05b14f134d85007;6;6;0;0;
530;genesis;289ffeb2a745ccf51ca89a297f47e382;7;7;0;0;
531;hotrod;bc8f87a21501ae15a48d77a91513c3a7;6;6;0;0;
532;reddog;4e3590b079101462e2a11b163869c62e;6;6;0;0;
533;alexande;a872b87a87aced89c8903dc2f47adbc7;8;8;0;0;
534;college;b0edd88cd46d6f0437f360bc0b992d5a;7;7;0;0;
535;jester;694915d7d4acf50bbf43a1038e3e9f17;6;6;0;0;
536;passw0rd;bed128365216c019988915ed3add75fb;8;7;0;1;
537;bigcock;8bd634bb8a36e5982b00cead5528b5cc;7;7;0;0;
538;smith;a66e44736e753d4533746ced572ca821;5;5;0;0;
539;lasvegas;c07f195e1298783ca3f44de411afa826;8;8;0;0;
540;carmen;880cbc1ed48043cbcdaa7286e058ef7f;6;6;0;0;
541;slipknot;f34c903e17cfeea18e499d4627eeb3ec;8;8;0;0;
542;3333;2be9bd7a3434f7038ca27d1918de58bd;4;0;0;4;
543;death;2e8d6dbf9112a879d4ceb15403d10a78;5;5;0;0;
544;kimberly;b6cb572e168a99f5209eae6a906cf65c;8;8;0;0;
545;1q2w3e;3fde6bb0541387e4ebdadf7c2ff31123;6;3;0;3;
546;eclipse;6b7b655dd22faa3f10677c512493a8a0;7;7;0;0;
547;1q2w3e4r;5416d7cd6ef195a0f7622a9c56b55e84;8;4;0;4;
548;stanley;c7656ce3fbb462c82bad4e11fc7f4165;7;7;0;0;
549;samuel;d8ae5776067290c4712fa454006c8ec6;6;6;0;0;
550;drummer;77abcd5cb2ef4a366c2749ea9931c79e;7;7;0;0;
551;homer;dfa8327f5bfa4c672a04f9b38e348a70;5;5;0;0;
552;montana;6579a92e7f5ac7c57055196b3afe3ddd;7;7;0;0;
553;music;18d6769919266cd0bd6cd78aa405d5d0;5;5;0;0;
554;aaaa;74b87337454200d4d33f80c4663dc5e5;4;4;0;0;
555;spencer;942b9a7505b687fbf417803b120702b2;7;7;0;0;
556;jimmy;c2fe677a63ffd5b7ffd8facbf327dad0;5;5;0;0;
557;carolina;5f3bc5221626b2f8d66261fb07339462;8;8;0;0;
558;colorado;2d5831578ea970d0cfa664ede08b5f3c;8;8;0;0;
559;creative;828e096fef42d94858dd49b27ab903f3;8;8;0;0;
560;hello1;203ad5ffa1d7c650ad681fdff3965cd2;6;5;0;1;
561;rocky;5bab541acd761a3093d7c4202b6e1da9;5;5;0;0;
562;goober;fbceea62b517e09ae2a5d7ed8fb9dd3d;6;6;0;0;
563;friday;f6f7fec07f372b7bd5eb196bbca0f3f4;6;6;0;0;
564;bollocks;693e810ff27604e6da274da4c77e136c;8;8;0;0;
565;scotty;1d3d4be62660c398f3c9256336c371e5;6;6;0;0;
566;abcdef;e80b5017098950fc58aad83c8c14978e;6;6;0;0;
567;bubbles;fe75bd065ff48b91c35fe8ff842f986c;7;7;0;0;
568;hawaii;6e8b08a1285fda750437a1677b0d3286;6;6;0;0;
569;fluffy;ce7bcda695c30aa2f9e5f390c820d985;6;6;0;0;
570;mine;918b81db5e91d031548b963c93845e5b;4;4;0;0;
571;stephen;7ff36797539130f77445f48da5d4a126;7;7;0;0;
572;horses;52b14869c15726dda86b87cb93666a74;6;6;0;0;
573;thumper;bb98c7c6f1d1b85cce0c92efe2fa97b5;7;7;0;0;
574;5555;6074c6aa3488f3c2dddff2a7ca821aab;4;0;0;4;
575;pussies;9c98ba30644d0cf18e1b64aa3bf72b06;7;7;0;0;
576;darkness;9b7d722b58370498cd39104b2d971978;8;8;0;0;
577;asdfghjk;bf709005906087dc1256bb4449d8774d;8;8;0;0;
578;pamela;669ffc150d1f875819183addfc842cab;6;6;0;0;
579;boobies;8e7a00f1daf1c2b7015459dd686856c2;7;7;0;0;
580;buddha;4b3bd325788f47666ec36669c8aaf5d0;6;6;0;0;
581;vanessa;282bbbfb69da08d03ff4bcf34a94bc53;7;7;0;0;
582;sandman;6a884c9da70ee96c399f86851119b049;7;7;0;0;
583;naughty;dbe9454e9d8631d841c29589ad155186;7;7;0;0;
584;douglas;3b16dc694c38d04f7d7451cc37d3c654;7;7;0;0;
585;honda;2ab3343875e56dc0a15cbb6a98570cf2;5;5;0;0;
586;matt;ce86d7d02a229acfaca4b63f01a1171b;4;4;0;0;
587;azerty;ab4f63f9ac65152575886860dde480a1;6;6;0;0;
588;6666;e9510081ac30ffa83f10b68cde1cac07;4;0;0;4;
589;shorty;74c74dcb39a0923937ce87dda08bfd51;6;6;0;0;
590;money1;516bc9f8846654e478a2584516e1d0b4;6;5;0;1;
591;beach;7193529abbf96dcc058f06d45121d8b1;5;5;0;0;
592;loveme;74d738020dca22a731e30058ac7242ee;6;6;0;0;
593;4321;d93591bdf7860e1e4ee2fca799911215;4;0;0;4;
594;simple;8dbdda48fb8748d6746f1965824e966a;6;6;0;0;
595;poohbear;c1b1bebbd933a6ec79d47850452f7d66;8;8;0;0;
596;444444;73882ab1fa529d7273da0db6b49cc4f3;6;0;0;6;
597;badass;f23ccd066f8236c6f97a2a62d3f9f9f5;6;6;0;0;
598;destiny;b6b08d6bcc8412aab95f5513e738182e;7;7;0;0;
599;sarah;9e9d7a08e048e9d604b79460b54969c3;5;5;0;0;
600;denise;968c58d88d981b4ee15e2c8cb1fab06d;6;6;0;0;
601;vikings;f35fbefab136b5c41bf455d0497243ad;7;7;0;0;
602;lizard;5046a43fd3f8184be864359e3d5c9bda;6;6;0;0;
603;melanie;73aaec6dc33b96597d8019f7553e96a2;7;7;0;0;
604;assman;c1b7c10d6de56501d86b3ed552ffa27e;6;6;0;0;
605;sabrina;00e45749508fe15ca1af3397eab8db78;7;7;0;0;
606;nintendo;7d9ad0211d6493e8d55a4a75de3f90a1;8;8;0;0;
607;water;9460370bb0ca1c98a779b1bcc6861c2c;5;5;0;0;
608;good;755f85c2723bb39381c7379a604160d8;4;4;0;0;
609;howard;dc5ab2b32d9d78045215922409541ed7;6;6;0;0;
610;time;07cc694b9b3fc636710fa08b6922c42b;4;4;0;0;
611;123qwe;46f94c8de14fb36680850768ff1b7f2a;6;3;0;3;
612;november;4d04cedd6d05b1f16a4404ff5a1fa4af;8;8;0;0;
613;xxxxx;fb0e22c79ac75679e9881e6ba183b354;5;5;0;0;
614;october;e60a95f3f443e37f5a47210d9b340a05;7;7;0;0;
615;leather;73bbd566536e2c09568defc61f5b9f48;7;7;0;0;
616;bastard;b0d7afc8ffd4ec4150ce9bba29f20969;7;7;0;0;
617;young;f6182f0359f72aae12fb90d305ccf9eb;5;5;0;0;
618;101010;6d071901727aec1ba6d8e2497ef5b709;6;0;0;6;
619;extreme;287e9593819b2fcdf9945e7ccacd637d;7;7;0;0;
620;hard;d64a84456adc959f56de6af685d0dadd;4;4;0;0;
621;password1;7c6a180b36896a0a8c02787eeafb0e4c;9;8;0;1;
622;vincent;b15ab3f829f0f897fe507ef548741afb;7;7;0;0;
623;pussy1;8424f00a33a42bd229d3fe3df605db5e;6;5;0;1;
624;lacrosse;df745a6ecc79adb85f58b55dc66bdd3b;8;8;0;0;
625;hotmail;d5d630d4355544115ee3ade77a6141ee;7;7;0;0;
626;spooky;597f3c2d382591520b83a91c834c370d;6;6;0;0;
627;amateur;356042d9747bdc14e0055408b9430b2a;7;7;0;0;
628;alaska;1059309d81890ae351d5e56240572b11;6;6;0;0;
629;badger;7e59cb5b2f52c763bc846471fe5942e4;6;6;0;0;
630;paradise;96ac9a11d94d8f982ba476aa4b5ef503;8;8;0;0;
631;maryjane;7b81a7a76693d0321b9498e12e4f4759;8;8;0;0;
632;poop;0421008445828ceb46f496700a5fa65e;4;4;0;0;
633;crazy;297aae72cc4d0d068f46a9158469e34d;5;5;0;0;
634;mozart;e842795b282293fd61bc294c49edb12b;6;6;0;0;
635;video;421b47ffd946ca083b65cd668c6b17e6;5;5;0;0;
636;russell;1e9c32b7ba6fefa76773d5c79bcdaad0;7;7;0;0;
637;vagina;8332189037ebe7b280743783345c6f5c;6;6;0;0;
638;spitfire;11a7f956c37bf0459e9c80b16cc72107;8;8;0;0;
639;anderson;89ba023086e37a345839e0c6a0d272eb;8;8;0;0;
640;norman;9ac915832a9a1c970c1564708917c3aa;6;6;0;0;
641;eric;29988429c481f219b8c5ba8c071440e1;4;4;0;0;
642;cherokee;74f440ad812f0cc2192ab782e27608cc;8;8;0;0;
643;cougar;0dc42522a42a9050841d4e81d3808c91;6;6;0;0;
644;barbara;4d6c4d6b5b6c7fd2c43727ce32a56f4e;7;7;0;0;
645;long;0f5264038205edfb1ac05fbb0e8c5e94;4;4;0;0;
646;420420;cb77903cee35cfd2500f186679f008b9;6;0;0;6;
647;family;0d3fda0bdbb9d619e09cdf3eecba7999;6;6;0;0;
648;horse;f1bdf5ed1d7ad7ede4e3809bd35644b0;5;5;0;0;
649;enigma;90954349a0e42d8e4426a4672bde16b9;6;6;0;0;
650;allison;4651d80cfa79f4933bc5408665394e9c;7;7;0;0;
651;raider;57b1bd2bafca5a7ce9793b4b1f83b7b7;6;6;0;0;
652;brazil;6e5fa4d9c48ca921c0a2ce1e64c9ae6f;6;6;0;0;
653;blonde;030fddce742683537afcac81fdf2d1d1;6;6;0;0;
654;jones;ee7e4705dd4ac06adfe650c2cdc39bdd;5;5;0;0;
655;55555;c5fe25896e49ddfe996db7508cf00534;5;0;0;5;
656;dude;13b73edae8443990be1aa8f1a483bc27;4;4;0;0;
657;drowssap;b497dd1a701a33026f7211533620780d;8;8;0;0;
658;jeff;166ee015c0e0934a8781e0c86a197c6e;4;4;0;0;
659;school;7516c3b35580b3490248629cff5e498c;6;6;0;0;
660;marshall;701fb90716e10ecc7a43852e0eae27f1;8;8;0;0;
661;lovely;061fba5bdfc076bb7362616668de87c8;6;6;0;0;
662;1qaz2wsx;1c63129ae9db9c60c3e8aa94d3e00495;8;6;0;2;
663;jeffrey;6a27f10aef159701c7a5ff07f0fb0a78;7;7;0;0;
664;caroline;e1c565c5b1da2a3b81712427d06f5b34;8;8;0;0;
665;franklin;9c1f33ca0b1f1b1055c3144d69853927;8;8;0;0;
666;booty;3f6db059274e313ea708592805cfa32e;5;5;0;0;
667;molly;ed6658e6f22583ed66fb5e5e735b9e63;5;5;0;0;
668;snickers;ce922d89a6c244fb0c5aff66bc46e9be;8;8;0;0;
669;leslie;21bb5bb51758eab175d4d640334abba0;6;6;0;0;
670;nipples;d84f1ded4d7577a02af0bd69a0df95d4;7;7;0;0;
671;courtney;292903fa88d000b48ebdacd12eaf124e;8;8;0;0;
672;diesel;02408123caf6bb364630361db9b81f7e;6;6;0;0;
673;rocks;2f7b22bac3f5542bb48fb08b04141ecb;5;5;0;0;
674;eminem;26b637ed41273425be243e8d42e5b461;6;6;0;0;
675;westside;860c84f47cdd9aa067183ebf8cdb8fa0;8;8;0;0;
676;suzuki;101186a9a44bc0354ed997696a6aefba;6;6;0;0;
677;daddy;093ec71f562ba6cbf5825b7c9a48f19e;5;5;0;0;
678;passion;074b62fb6c21b84e6b5846e6bb001f67;7;7;0;0;
679;hummer;d65be92f2d6db01d4517636b3cbbf6e9;6;6;0;0;
680;ladies;0e8b9a737c9ccbd6d02219d2dd5eb2b3;6;6;0;0;
681;zachary;0905a74d4251fc1b2ec794738a81f324;7;7;0;0;
682;frankie;d30c7f7381508c2fcd7139aaa67ce48e;7;7;0;0;
683;elvis;8b28c7134887bb938e1ffed68456ffb2;5;5;0;0;
684;reggie;3acf5c7b740d6e2538f3a7b88cf069b3;6;6;0;0;
685;alpha;2c1743a391305fbf367df8e4f069f9f9;5;5;0;0;
686;suckme;208678c9e5c75b75de934bdf323df6e8;6;6;0;0;
687;simpson;c81d76d6c160db37ea82635e5b26a9a0;7;7;0;0;
688;patricia;823fec7a2632ea7b498c1d0d11c11377;8;8;0;0;
689;147147;4531e8924edde928f341f7df3ab36c70;6;0;0;6;
690;pirate;ad015ef45d838cbf619d2f9f7bbdad86;6;6;0;0;
691;tommy;65f185ec6bd47af8f082f8196d0b4d24;5;5;0;0;
692;semperfi;073de059ab0b79721180e1f87440d4fe;8;8;0;0;
693;jupiter;27a5148ea0fbddae22d902bea9a19531;7;7;0;0;
694;redrum;4c8e7b99bc99c9a9474ba3a69262062c;6;6;0;0;
695;freeuser;f2ffd12f81567f535ace07a8730ce92c;8;8;0;0;
696;wanker;3e12ec4d994fefe424c88687d738a874;6;6;0;0;
697;stinky;8d29d62b759a5c217549e34c4924d25e;6;6;0;0;
698;ducati;454b650d4e78b35310719fdb05bb077a;6;6;0;0;
699;paris;ccbee73cd81c7f42405e1920409247ec;5;5;0;0;
700;natalie;f9e1f3ae15198f819fbc3449479401bf;7;7;0;0;
701;babygirl;67881381dbc68d4761230131ae0008f7;8;8;0;0;
702;bishop;5470f9552e0d98a2d8c8b3345a680316;6;6;0;0;
703;windows;0f4137ed1502b5045d6083aa258b5c42;7;7;0;0;
704;spirit;07868a716d4712d7771f6414d2b8bf8a;6;6;0;0;
705;pantera;2d58b0ac72f929ca9ad3238ade9eab69;7;7;0;0;
706;monday;944ba223a5c1b5f4b495708e7cd5ee37;6;6;0;0;
707;patches;6b0d3600d50944ab08b6145722eaa7c2;7;7;0;0;
708;brutus;a56e1b03e4d0439d81ae19ec1f7b7349;6;6;0;0;
709;houston;7315ac7ba3b60a5b053886fa49f98ed6;7;7;0;0;
710;smooth;a7887cc809cf0d4df17fc5dafd03e4e7;6;6;0;0;
711;penguin;24f7ca5f6ff1a5afb9032aa5e533ad95;7;7;0;0;
712;marley;b8475e743330c36f9080fb8f64f837b6;6;6;0;0;
713;forest;f379cfd7a55b621577a8389d1817a102;6;6;0;0;
714;cream;ced53a9a10991dab1e3e66fa57afd43f;5;5;0;0;
715;212121;0f5aaaf14d9a2d371853e46119abba27;6;0;0;6;
716;flash;a39401275d1b300aa789fb22aea4148a;5;5;0;0;
717;maximus;4f7e11633b3f8e44b442d79f35dd540d;7;7;0;0;
718;nipple;5f44c2d9636efa05ae57b63786a2fb97;6;6;0;0;
719;bobby;a9c4cef5735770e657b7c25b9dcb807b;5;5;0;0;
720;bradley;8fcd96eb01e8614d5cf444e5fd9f06f8;7;7;0;0;
721;vision;f42087059b37ae7f4d9f0d3a475801a8;6;6;0;0;
722;pokemon;00bfc8c729f5d4d529a412b12c58ddd2;7;7;0;0;
723;champion;88dbda62dbf4f64ee9c8dae693b970a9;8;8;0;0;
724;fireman;4fe814abb1adb58a7788269de4408c8f;7;7;0;0;
725;indian;972ae52621668f045e61bd75160131e8;6;6;0;0;
726;softball;92290ccb8f7b2beb4c57ef1f7a3d5947;8;8;0;0;
727;picard;e24fa5f1901c2c38540e9adef2e3b0a1;6;6;0;0;
728;system;54b53072540eeeb8f8e9343e71f28176;6;6;0;0;
729;clinton;14b13c8dfec3420156262ecea203332b;7;7;0;0;
730;cobra;b2afdf253f6c1391022115bbca0cd8b0;5;5;0;0;
731;enjoy;76e369257240ded4b1c059cf20e8d9a4;5;5;0;0;
732;lucky1;0535db92912a4a69db3c38f4b4dbff2e;6;5;0;1;
733;claire;182e500f562c7b95a2ae0b4dd9f47bb2;6;6;0;0;
734;claudia;2b9ff3efc4a999ecfacd18c4bbc57a2e;7;7;0;0;
735;boogie;d144be29e286ec30b7fbb56535cfe132;6;6;0;0;
736;timothy;ecb97d53d2d35b8ba98cf82a8d78cad9;7;7;0;0;
737;marines;ae21370e3292d3adfe5fbdbe6c9d702d;7;7;0;0;
738;security;e91e6348157868de9dd8b25c81aebfb9;8;8;0;0;
739;dirty;32478ef751ab0a81974a3aa8569607b9;5;5;0;0;
740;admin;21232f297a57a5a743894a0e4a801fc3;5;5;0;0;
741;wildcats;1fc3a78289477bb2cf4410449c07c7a0;8;8;0;0;
742;pimp;178374db4bfee181e92e4deb9d6e70e1;4;4;0;0;
743;dancer;6b19beeaedade171ecc320ddd87f7ae6;6;6;0;0;
744;hardon;b4ae19ea195653295a03a229c7a9f4b7;6;6;0;0;
745;veronica;faa82036538b8f367fcf7bfd4c63b789;8;8;0;0;
746;fucked;823299e0dbcad6c1e15131c322905248;6;6;0;0;
747;abcd1234;e19d5cd5af0378da05f63f891c7467af;8;4;0;4;
748;abcdefg;7ac66c0f148de9519b8bd264312c4d64;7;7;0;0;
749;ironman;0d94d92e3dc096f64213a5b34fa9d098;7;7;0;0;
750;wolverin;55f87ee274413afa4d108917e7fca90d;8;8;0;0;
751;remember;dc3c99bb4e249a95567a2bf7d5f327ed;8;8;0;0;
752;great;acaa16770db76c1ffb9cee51c3cabfcf;5;5;0;0;
753;freepass;5b9a8069d33fe9812dc8310ebff0a315;8;8;0;0;
754;bigred;ae64c716c8ae9cd3315227453314c957;6;6;0;0;
755;squirt;2e1056defdb4eac51954b37a93608628;6;6;0;0;
756;justice;9345b4e983973212313e4c809b94f75d;7;7;0;0;
757;francis;d0ab7fe6c314f4fe5b6c18a0157c96b4;7;7;0;0;
758;hobbes;0eb55bec7f0e6d1c831bfbef77ac054a;6;6;0;0;
759;kermit;d1798f4110c6c94b5269a7570db3bf03;6;6;0;0;
760;pearljam;4148934519ee612775badba401598b72;8;8;0;0;
761;mercury;abe10f7e5afbbb3a79ce619739541149;7;7;0;0;
762;domino;60a8d9553442e861617b0e581768f651;6;6;0;0;
763;9999;fa246d0262c3925617b0c72bb20eeb1d;4;0;0;4;
764;denver;52e17699cd757e43021c053b456014c6;6;6;0;0;
765;brooke;111ee1e76425203d730ec83762eb5ae4;6;6;0;0;
766;rascal;bca592ad6fb48ae994c0a2d9382061a8;6;6;0;0;
767;hitman;f69c2579d2bd4fb4944264a41bf21648;6;6;0;0;
768;mistress;1f216a224547d833dbba350ab8cf507c;8;8;0;0;
769;simon;b30bd351371c686298d32281b337e8e9;5;5;0;0;
770;tony;ddc5f5e86d2f85e1b1ff763aff13ce0a;4;4;0;0;
771;bbbbbb;875f26fdb1cecf20ceb4ca028263dec6;6;6;0;0;
772;friend;3af00c6cad11f7ab5db4467b66ce503e;6;6;0;0;
773;peekaboo;04e8aaebd53ea02c9c7cdf1a3148eb35;8;8;0;0;
774;naked;2dfc97e5e093b4b339ad510433d2e9ff;5;5;0;0;
775;budlight;93477ab6a7fe55f3791cddb14faeb22a;8;8;0;0;
776;electric;b5a60207bdcc6a6621f1a81f00611d9d;8;8;0;0;
777;sluts;26da6a692505a764694a548f3ab62493;5;5;0;0;
778;stargate;520783fffa010e3879bc51b61dfd79aa;8;8;0;0;
779;saints;719f2410fe5e3f59fe35defade8b4b0a;6;6;0;0;
780;bondage;69b348121db34c19fb2d2d7c7e2aeaf6;7;7;0;0;
781;brittany;7fecaf436eb80f4b36c121fe2d3f80e5;8;8;0;0;
782;bigman;4cbfb608425a30922e721369b7a1b374;6;6;0;0;
783;zombie;0eda241fc65ccf35d9743309ac395215;6;6;0;0;
784;swimming;f853b10af73a04a4c8b35b2ade1f40b9;8;8;0;0;
785;duke;041cf7cf23d3d372644b707505218fb0;4;4;0;0;
786;qwerty1;6dbd0fe19c9a301c4708287780df41a2;7;6;0;1;
787;babes;2c36405fd6cf9fc51af24558c41ff380;5;5;0;0;
788;scotland;b0ce0b49f97d8a86489af489955d5605;8;8;0;0;
789;disney;f240a4a08ef4d49a9b643168779d8491;6;6;0;0;
790;rooster;9cf0e877fb1bc88cfd577efaf62c7579;7;7;0;0;
791;brenda;e5e9b41c8f1ad39ffb22df4a7aa7d876;6;6;0;0;
792;mookie;0a8bf7a93160d8d23f56bc9d90d7b71f;6;6;0;0;
793;swordfis;47d471d8afa0fc046a61ba418a645447;8;8;0;0;
794;candy;c48ba993d35c3abe0380f91738fe2a34;5;5;0;0;
795;duncan;f4d677934c35431de0c814a1bdc9993c;6;6;0;0;
796;olivia;47bc17dc1a2f164967f55325d866c75c;6;6;0;0;
797;hunting;fb59891768280222f6270e1a260c3637;7;7;0;0;
798;blink182;6104df369888589d6dbea304b59a32d4;8;5;0;3;
799;alicia;e94ef563867e9c9df3fcc999bdb045f5;6;6;0;0;
800;8888;cf79ae6addba60ad018347359bd144d2;4;0;0;4;
801;samsung;fe546279a62683de8ca334b673420696;7;7;0;0;
802;bubba1;77546adee22d8ba2210d753f17395eea;6;5;0;1;
803;whore;d15b0ff178b085c809d334f5c5850eab;5;5;0;0;
804;virginia;61e1f08a425cb79a18c3f6224011ab74;8;8;0;0;
805;general;958153f1b8b96ec4c4eb2147429105d9;7;7;0;0;
806;passport;d056025fbea3c4700729c5b96b0ff97b;8;8;0;0;
807;aaaaaaaa;3dbe00a167653a1aaee01d93e77e730e;8;8;0;0;
808;erotic;a183e527bfb04f562c21c9c62fd1305d;6;6;0;0;
809;liberty;cfe93922228f17994b4eab42614ba76f;7;7;0;0;
810;arizona;df8e13c11753fd7f2a464313834f5dc6;7;7;0;0;
811;jesus;110d46fcd978c24f306cd7fa23464d73;5;5;0;0;
812;abcd;e2fc714c4727ee9395f324cd2e7f331f;4;4;0;0;
813;newport;6840fd588770005e530e52aa4beedad5;7;7;0;0;
814;skipper;b8ca92ed88f9970881d401f3e013bd69;7;7;0;0;
815;rolltide;63188b0436e754a4d9a1d89dfc978209;8;8;0;0;
816;balls;417e4705aee1415f8583243b8c403af3;5;5;0;0;
817;happy1;3b03c7ea09871a75dce2e403ef28111f;6;5;0;1;
818;galore;298ea58ea8b857a30eeca1536ae81265;6;6;0;0;
819;christ;0123d11995f4c8d8cc48b8d5c46cc263;6;6;0;0;
820;weasel;cfa6f4fd02ca48c68f224224f8996e0f;6;6;0;0;
821;242424;8cc946123dcf3c00c15de91c11db056f;6;0;0;6;
822;wombat;2b58af6dddbd072ed27ffc86725d7d3a;6;6;0;0;
823;digger;d183f98f620f0c800796c450f109a31a;6;6;0;0;
824;classic;f3d64714d1f6e7f71558d4252e84ab58;7;7;0;0;
825;bulldogs;1a3dff6f600d9fd62f8ead361480cc61;8;8;0;0;
826;poopoo;207bd7a73609ff57272e77582b8e2f6f;6;6;0;0;
827;accord;17eec3190b081a1c237f673f39d821a9;6;6;0;0;
828;popcorn;33da7a40473c1637f1a2e142f4925194;7;7;0;0;
829;turkey;db77174aa34ded1b6139455a58d0a38b;6;6;0;0;
830;jenny;ebe6941ee8a10c14dc933ae37a0f43fc;5;5;0;0;
831;amber;59548977279905234b7ed3b1710837f2;5;5;0;0;
832;bunny;20ee80e63596799a1543bc9fd88d8878;5;5;0;0;
833;mouse;40203abe6e81ed98cbc97cdd6ec4f144;5;5;0;0;
834;007007;0d0589cd78709802a64a9a4580ae6789;6;0;0;6;
835;titanic;7f1167a522dfbec78cc01af567734f93;7;7;0;0;
836;liverpool;d177b4d1d9e6b6fa86521e4b3d00b029;9;9;0;0;
837;dreamer;170b77ad8c3d9b365fef9e58974f1b87;7;7;0;0;
838;everton;c99868052fb8a76e4f4b9f2ee67d39fb;7;7;0;0;
839;friends;28f20a02bf8a021fab4fcec48afb584e;7;7;0;0;
840;chevelle;06c5a1c5e72c53126927c5640a6381f3;8;8;0;0;
841;carrie;97b9308f6a1f6a8524a91450dca473fa;6;6;0;0;
842;gabriel;647431b5ca55b04fdf3c2fce31ef1915;7;7;0;0;
843;psycho;321a149b95e25317dc61c3bac6a78aec;6;6;0;0;
844;nemesis;59606609c6f2b0f4ac81167fe123c3f1;7;7;0;0;
845;burton;c189e6726d2dc6991d1a2b9c60d341e8;6;6;0;0;
846;pontiac;ebc372408816d386805399b48e4ac073;7;7;0;0;
847;connor;da482d6cceae94fd796e6ee03cb690eb;6;6;0;0;
848;eatme;bb358eb6ff2cc1090440672054575989;5;5;0;0;
849;lickme;5157c963c0d2cc529d58df5cf47bd0dc;6;6;0;0;
850;roland;ee21d5f27a8401788147f6f6184ddb11;6;6;0;0;
851;cumming;bd4191c6fefeab64f3c5bdd6b8302e31;7;7;0;0;
852;mitchell;084bf25cb5d7ea954e13e264437daf1c;8;8;0;0;
853;ireland;a66f852274a441f4f9676b070c0c64db;7;7;0;0;
854;lincoln;aa45997477591e27601c436bcb228d6f;7;7;0;0;
855;arnold;49a30d03c669a09f2c01c3655032af3e;6;6;0;0;
856;spiderma;fb08f6cd1ba103fee30a2b8dac963043;8;8;0;0;
857;patriots;cf0387291504d78a6ac7a13147d2f229;8;8;0;0;
858;goblue;68706737e7d76a1e5ca260362221f706;6;6;0;0;
859;devils;e64092255541d3816e76d275d22db79c;6;6;0;0;
860;eugene;9741da9f7cdd416b0c4b63811770bd6e;6;6;0;0;
861;empire;d6023fdb83357dc59f3384315093af77;6;6;0;0;
862;asdfg;040b7cf4a55014e185813e0644502ea9;5;5;0;0;
863;cardinal;427023ff7e5f28a11e61fce0b4917b57;8;8;0;0;
864;brown;6ff47afa5dc7daa42cc705a03fca8a9b;5;5;0;0;
865;shaggy;9d36a42a36b62b3f665c7fa07f07563b;6;6;0;0;
866;froggy;eea342a57c9313484e2b73715a5cbdb1;6;6;0;0;
867;qwer;962012d09b8170d912f0669f6d7d9d07;4;4;0;0;
868;kawasaki;aa04b54ae641914a733f61abf6c58a5f;8;8;0;0;
869;kodiak;f9da90ed345f63e0bd017e80aed40623;6;6;0;0;
870;people;12a032ce9179c32a6c7ab397b9d871fa;6;6;0;0;
871;phpbb;98a6a6255fc62ffa4eac50abc52bf41e;5;5;0;0;
872;light;2ac43aa43bf473f9a9c09b4b608619d3;5;5;0;0;
873;54321;01cfcd4f6b8770febfb40cb906715822;5;0;0;5;
874;kramer;532619426cbaad17a4ca84c5de51c0a7;6;6;0;0;
875;chopper;37e4dd20c310142564fc483db1132f36;7;7;0;0;
876;hooker;6f22b69b652511f0392680930de7736a;6;6;0;0;
877;honey;b60eb83bf533eecf1bde65940925a981;5;5;0;0;
878;whynot;5946de589082addcc2ac2e12192017c1;6;6;0;0;
879;lesbian;139ae12f7d434595aa7822bd16b031e2;7;7;0;0;
880;lisa;ed14f4a4d7ecddb6dae8e54900300b1e;4;4;0;0;
881;baxter;1a912ca20fb31005b507b92247b881f6;6;6;0;0;
882;adam;1d7c2923c1684726dc23d2901c4d8157;4;4;0;0;
883;snake;de1b2a7baf7850243db71c4abd4e5a39;5;5;0;0;
884;teen;3ecffdcbbb3dcefa527942795f05e885;4;4;0;0;
885;ncc1701d;2e52e549ed4bc2adee4f9ed394a41eac;8;4;0;4;
886;qqqqqq;343b1c4a3ea721b2d640fc8700db0f36;6;6;0;0;
887;airplane;45ea37a8b034ece4d08639d18d913ad0;8;8;0;0;
888;britney;757550ecd97318ce9a1867bb96d026e5;7;7;0;0;
889;avalon;698967f805dea9ea073d188d73ab7390;6;6;0;0;
890;sandy;d686a53fb86a6c31fa6faa1d9333267e;5;5;0;0;
891;sugar;ada15bd1a5ddf0b790ae1dcfd05a1e70;5;5;0;0;
892;sublime;348c880664f2e1458b899ced2a3518e6;7;7;0;0;
893;stewart;ae463243b033f797858668b931591f92;7;7;0;0;
894;wildcat;e966fa8dba38636deeaff61b0a8cdf2d;7;7;0;0;
895;raven;907e131eb3bf6f21292fa1ed16e8b60c;5;5;0;0;
896;scarface;1f65f18952eaf3c8aedeb7f7e2ea6cda;8;8;0;0;
897;elizabet;e8847133c4152d265693f33033736cb0;8;8;0;0;
898;123654;733d7be2196ff70efaf6913fc8bdcabf;6;0;0;6;
899;trucks;e3d9f93cae0270b4d5f3bd7d02c61ecc;6;6;0;0;
900;wolfpack;51d6637d985ba3381f9420e00c9ab999;8;8;0;0;
901;pervert;60fbeed21a6cfb0ef81ebb6abe5c445c;7;7;0;0;
902;lawrence;e02d90ea127f923d273786d055b6208e;8;8;0;0;
903;raymond;f2a415aa78c7621831da5995e1447242;7;7;0;0;
904;redhead;8797e3bdbe5547a13c73b7e11ccfa479;7;7;0;0;
905;american;7c994c3fb728874ff5bb1b9a731f3966;8;8;0;0;
906;alyssa;151d1bf0c57afa45e7160c1d24aa2c8d;6;6;0;0;
907;bambam;89e2c8f458dda133118ac4a0a762cb3d;6;6;0;0;
908;movie;aed34b9f60ee115dfa7918b742336277;5;5;0;0;
909;woody;c098cd696b8a50419bbec522124b7830;5;5;0;0;
910;shaved;c0f59aceae831986c172d9b239bab7a8;6;6;0;0;
911;snowman;b932a6ec0f3bef993326983f5c8808eb;7;7;0;0;
912;tiger1;dfd78600666df07dae51e3baa77910a8;6;5;0;1;
913;chicks;bc963a648f92860c7b64c29276461e17;6;6;0;0;
914;raptor;20076547310803443eb482ec21bc3c3a;6;6;0;0;
915;1969;4d8556695c262ab91ff51a943fdd6058;4;0;0;4;
916;stingray;9e8c01ce27e7646d2a5f24c18ffac8a7;8;8;0;0;
917;shooter;d3e9a99a09a8c6d7fb8c78cf4e5a9a2c;7;7;0;0;
918;france;e165d4f2174b66a7d1a95cb204d296eb;6;6;0;0;
919;stars;a5df375d7c972248177e8b4407c8808c;5;5;0;0;
920;madmax;50572dec71b7242224b7db488768e6f5;6;6;0;0;
921;kristen;f52b06185d58a5eb571ec260092f099f;7;7;0;0;
922;sports;088495f30901580ddd5171531cd26649;6;6;0;0;
923;jerry;30035607ee5bb378c71ab434a6d05410;5;5;0;0;
924;789456;71b3b26aaa319e0cdf6fdb8429c112b0;6;0;0;6;
925;garcia;bbb5ff6dc3826b999a5cf0c2e7b2c889;6;6;0;0;
926;simpsons;39b4fb4846c99c1d41a4e015da0b60bc;8;8;0;0;
927;lights;278e59671a1a559c4bc61d226cd217cd;6;6;0;0;
928;ryan;10c7ccc7a4f0aff03c915c485565b9da;4;4;0;0;
929;looking;f8905f5d07a2c615f3c94d898b872443;7;7;0;0;
930;chronic;955fb354f3074f3505620d725ca95acb;7;7;0;0;
931;alison;38b05a6ea700fa6774e8aee14f6704eb;6;6;0;0;
932;hahaha;101a6ec9f938885df0a44f20458d2eb4;6;6;0;0;
933;packard;217ffe3e1622130e0d0f2772bc7534aa;7;7;0;0;
934;hendrix;b1c84f8d672b5d6a84a7a486e81b465a;7;7;0;0;
935;perfect;826ad6b0338304c40b42644b5144f80a;7;7;0;0;
936;service;aaabf0d39951f3e6c3e8a7911df524c2;7;7;0;0;
937;spring;2a2d595e6ed9a0b24f027f2b63b134d6;6;6;0;0;
938;srinivas;64c61dda744b311b51c064ea7760a968;8;8;0;0;
939;spike;a60e7822190108e7bfa5015a3f57dea1;5;5;0;0;
940;katie;8a52072cee5d17cc7bf85d6ca431fffa;5;5;0;0;
941;252525;46f227e9cf17e2e1e88b14e679047bd9;6;0;0;6;
942;oscar;f156e7995d521f30e6c59a3d6c75e1e5;5;5;0;0;
943;brother;e511e2a4a4b88e45e210c770b932afb7;7;7;0;0;
944;bigmac;6cf5b1e81f1d0d76e7243e43419d45b5;6;6;0;0;
945;suck;a195a27d1c96dbc7ea4aa9928d914673;4;4;0;0;
946;single;dd5c07036f2975ff4bce568b6511d3bc;6;6;0;0;
947;cannon;74c9687238a05332b9c4e1129340f281;6;6;0;0;
948;georgia;c0cdd82ce092b01267bdd88a8bfbb1f4;7;7;0;0;
949;popeye;8b848a152ad86d9fec34c7c291c66858;6;6;0;0;
950;tattoo;306743b0726f2348d0299ae0d88967c0;6;6;0;0;
951;texas;3e194b5730ed8b868224b80ac8d7eed9;5;5;0;0;
952;party;1aab23051b24582c5dc8e23fc595d505;5;5;0;0;
953;bullet;a0cdbd2af8f1ddbb2748a2eaddce55da;6;6;0;0;
954;taurus;ebf25e7a04657c89193770a7489d1cac;6;6;0;0;
955;sailor;d445172d2bfc1ce8b854bc3190272cdb;6;6;0;0;
956;wolves;8a195bf6e12531dcc1c2a65ccc50180f;6;6;0;0;
957;panthers;7d07a1df8110fe550c6ad2f88d3c7e98;8;8;0;0;
958;japan;578ed5a4eecf5a15803abdc49f6152d6;5;5;0;0;
959;strike;30851b2eb48ecbb49549ec1aaa5d928b;6;6;0;0;
960;flowers;7d37c580f9c36fa004af865448a6e278;7;7;0;0;
961;pussycat;fd316a211a7178c6fbf09c4c2ac6fa05;8;8;0;0;
962;chris1;50fdef3fc386e2c6729f628309cf0b62;6;5;0;1;
963;loverboy;e7ffec49eb01e2dab35c19fe5b6969a1;8;8;0;0;
964;berlin;d35a02eb49149450fb2fffc6e467eb37;6;6;0;0;
965;sticky;609a8f6f218fdfe6f955e19f818ec050;6;6;0;0;
966;marina;ce5225d01c39d2567bc229501d9e610d;6;6;0;0;
967;tarheels;b73c56dd0c2871c528b4a89521128d3e;8;8;0;0;
968;fisher;2163c17ca50bb0fcd227460c4f682a40;6;6;0;0;
969;russia;1c625cc86f824660a320d185916e3c55;6;6;0;0;
970;connie;153c85c8e79935c59b3c0c51ae886947;6;6;0;0;
971;wolfgang;3720f54e919b22cce392b05de57102dd;8;8;0;0;
972;testtest;05a671c66aefea124cc08b76ea6d30bb;8;8;0;0;
973;mature;9e7012e85c5db78eae4e63e2ebb9548d;6;6;0;0;
974;bass;9eca04f99c3d4532f3a8a11f9d264d12;4;4;0;0;
975;catch22;f82ad2766897e113a89885310c083d2c;7;5;0;2;
976;juice;57f7e96f370e04546066ee921424c760;5;5;0;0;
977;michael1;8f9b97bf3fad640ca17e9627e6bba1fd;8;7;0;1;
978;nigger;c35312fb3a7e05b7a44db2326bd29040;6;6;0;0;
979;159753;5583413443164b56500def9a533c7c70;6;0;0;6;
980;women;8267a0e01e45e325a1bcfdaa8e6ef424;5;5;0;0;
981;alpha1;8dbc2828a56856fc152437bd551628b5;6;5;0;1;
982;trooper;12ed83fb4d7fc7e546e7bc9d6e4dfe5b;7;7;0;0;
983;hawkeye;d74727c034739e29ad1242b643426bc3;7;7;0;0;
984;head;96e89a298e0a9f469b9ae458d6afae9f;4;4;0;0;
985;freaky;33ca4223307e2fa4fd77c394ceb4e37b;6;6;0;0;
986;dodgers;755721a92560aef54a57a481bf981739;7;7;0;0;
987;pakistan;4e075844d2e00e4c800c8c62716bed8c;8;8;0;0;
988;machine;14754f13e5280c5d49d2ae536c2d57e2;7;7;0;0;
989;pyramid;437233c74e25fe505293cd2e8ecc2696;7;7;0;0;
990;vegeta;22298fb40914e48b1556ce0c8ffa7c93;6;6;0;0;
991;katana;c6983b366e2ff8a0ab159d6778cff745;6;6;0;0;
992;moose;2fe7cec3131fa9662906ecfb2eac8a49;5;5;0;0;
993;tinker;bae382c188d0a07282e0a6535d5aa3ce;6;6;0;0;
994;coyote;8dbfcfc23f22c58c1b200821f89fc103;6;6;0;0;
995;infinity;f2fdee93271556e428dd9507b3da7235;8;8;0;0;
996;inside;335cf4508dd597be4bfc9caa3e08b901;6;6;0;0;
997;pepsi;184b3f811e4e3f2eb9d763cd33dffdf6;5;5;0;0;
998;letmein1;bec92397646e8feb93667ae2e6bc931b;8;7;0;1;
999;bang;7b750d8eacfee224ab8f1a92759b4094;4;4;0;0;
1000;control;fc5364bf9dbfa34954526becad136d4b;7;7;0;0;
